0 0 0 0 0 0 0 0 0 0 0 0 0 0 0 0 0 0 0 0
0 0 0 0 0 0 0 0 0 0 0 0 0 0 0 0 0 0 0 0
0 0 T T T T T T T 0 0 0 0 0 0 0 0 0 0 0
0 0 0 0 0 0 0 0 0 0 0 0 0 0 0 0 0 0 0 0
0 0 0 0 0 0 0 0 0 0 0 0 0 0 0 0 0 0 0 0
0 T 0 0 0 0 0 0 0 0 T T T T T T T T T 0
0 T 0 0 0 0 0 0 0 0 0 0 0 0 0 0 0 0 0 0
0 T 0 0 0 0 0 0 0 0 0 0 0 0 0 0 0 0 0 0
0 T 0 0 0 0 0 0 0 0 x 0 0 0 0 0 0 0 0 0
0 T 0 0 0 0 0 0 0 0 x 0 0 0 0 0 0 0 0 0
0 T 0 0 0 0 0 0 0 0 x 0 0 0 0 0 0 0 0 0
0 T 0 0 0 0 0 0 0 0 x 0 0 0 0 0 0 0 0 0
0 0 0 0 0 0 0 0 0 0 x 0 0 0 0 0 0 0 0 0
T T T 0 0 0 0 0 0 0 0 0 0 0 0 0 0 0 0 *
0 0 0 0 0 0 0 0 0 0 0 0 0 0 0 0 0 0 0 *
0 0 0 0 0 0 0 0 0 0 0 0 0 0 0 0 0 0 0 *
0 0 0 0 0 0 0 0 0 0 0 0 0 0 0 0 0 0 0 *
0 0 0 0 0 0 0 0 0 0 0 0 0 0 0 0 0 0 0 0
0 0 0 0 0 0 0 0 0 0 0 0 0 0 0 0 0 0 0 0
0 0 0 0 0 0 0 0 0 0 0 0 0 0 0 0 0 0 0 0
